################################################################################
Experiment log.
Number players: 6
State dim: 4
Num games per match: 100
Nim dim: 5
mu: 5, lbd: 50, sig: 1
Adversary: <class 'players.RandomPlayer'>
Iterations: 20
History:
[[ 0.    0.66]
 [ 1.    0.78]
 [ 2.    0.78]
 [ 3.    0.86]
 [ 4.    0.83]
 [ 5.    0.81]
 [ 6.    0.85]
 [ 7.    0.82]
 [ 8.    0.88]
 [ 9.    0.9 ]
 [10.    0.92]
 [11.    0.91]
 [12.    0.91]
 [13.    0.91]
 [14.    0.92]
 [15.    0.93]
 [16.    0.96]
 [17.    0.97]
 [18.    0.95]
 [19.    0.93]]
Best individual:
[[ 3.06763697 -0.19633579 -2.83065144 -2.35546706  2.58591655  6.70338707
  -1.49201529  5.34208368  0.83237949  0.39329944 -2.70398491  1.32765829
  -6.65898154 -0.53367121 -1.72423085 -5.20440232]
 [-3.74987125 -1.57514972 -0.93498719 -4.90092113  0.47632979 -5.78226435
  -5.14759865  0.42452276  1.9785943  -0.01184826  4.09659357 -1.80462131
  -3.66503085 -5.34968855 -4.7161038   0.3475902 ]
 [-1.53893261 -0.35801994 -1.29756376 -2.19494948  1.77024814 -1.47482113
  -0.56332158  0.16775077 -0.45089942 -5.53732485  1.0952308  -1.38825201
   5.81356044  1.94131353  0.3823258   0.82363783]
 [ 2.35831915  3.41430634  4.48775015  1.15125052 -0.44494382 -3.53094711
  -0.0380636   5.44983307  3.55655192  3.23202554 -1.04306623 -1.20510879
  -0.36134567 -0.22658978  0.6995068  -5.58777822]
 [ 0.28006348  1.6391523   0.65550025  0.22674974 -1.23698414  0.43614208
  -0.85926934 -5.82606752  1.69338424  7.94256506  0.71499638  3.57959083
  -6.56604337 -0.86435087 -2.72519013 -4.49539069]
 [-0.83051395  1.53832874  1.05774594  2.16939981  0.95195408  2.73807852
  -2.11151892  0.18557471  2.07379027 -0.05427341 -0.06281157  0.71981467
  -0.14459364  1.27101226  0.77745518 -2.28868776]]
Best sig: 0.44107018615431404
With fitness: 0.92
################################################################################
Experiment log.
Number players: 6
State dim: 4
Num games per match: 100
Nim dim: 5
mu: 5, lbd: 50, sig: 1
Adversary: <class 'players.RandomPlayer'>
Iterations: 20
History:
[[ 0.    0.59]
 [ 1.    0.58]
 [ 2.    0.61]
 [ 3.    0.65]
 [ 4.    0.62]
 [ 5.    0.64]
 [ 6.    0.64]
 [ 7.    0.61]
 [ 8.    0.64]
 [ 9.    0.6 ]
 [10.    0.6 ]
 [11.    0.69]
 [12.    0.74]
 [13.    0.67]
 [14.    0.73]
 [15.    0.72]
 [16.    0.69]
 [17.    0.74]
 [18.    0.7 ]
 [19.    0.72]]
Best individual:
[[ 0.46528313  1.06035427  0.05919245 -0.77004034 -2.37113533  1.54360855
   1.51905731  0.73904389 -1.09597874  0.84740364  0.49948571  1.59024636
  -0.16666042  0.32054184 -0.42522896 -0.05307495]
 [ 0.68186909 -0.8042318  -1.15171182 -1.36459241 -0.7604314  -1.88561919
  -1.47669665 -1.62221507  1.24666738  2.41131635 -1.86407673 -0.07601568
  -1.30319571  0.5136771   0.21759855 -0.70491217]
 [-3.68911992 -0.32512111  0.48886967  0.71475047  0.0934597   2.29024774
   1.8578285   2.95949351 -0.71561369  2.88669063 -0.03479451 -1.12830073
   0.49991942  1.29527239 -3.49493556 -1.1997135 ]
 [ 0.67313911  2.46844386  3.11595921  0.99885404 -0.43024398 -2.0281421
  -0.86009382 -2.39982832  0.37700219 -0.03650183  2.83004452  1.40614919
  -1.53427223  0.40985774  3.56207763 -0.0370724 ]
 [ 1.21348034 -1.27524833 -0.05287305 -1.39839124  0.6357469  -0.267812
   0.88564789 -0.6353978  -1.91384536 -0.25512449  1.09452993 -2.24216973
   1.66953051 -0.3393363  -1.43843138  1.3409563 ]
 [ 1.16299474  0.62104345 -0.68544551  1.72151177 -0.30875084  1.89753283
   1.66989273  3.63152225  0.52140472 -0.33661556 -0.03620561  2.55514712
  -3.24112533  4.62133943 -0.04452032  2.37521121]]
Best sig: 1e-05
With fitness: 0.69
################################################################################
Experiment log.
Number players: 6
State dim: 4
Num games per match: 100
Nim dim: 5
mu: 5, lbd: 50, sig: 1
Adversary: <class 'players.RandomPlayer'>
Iterations: 20
History:
[[ 0.    0.73]
 [ 1.    0.82]
 [ 2.    0.92]
 [ 3.    0.9 ]
 [ 4.    0.95]
 [ 5.    0.9 ]
 [ 6.    0.94]
 [ 7.    0.91]
 [ 8.    0.96]
 [ 9.    0.92]
 [10.    0.92]
 [11.    0.94]
 [12.    0.91]
 [13.    0.94]
 [14.    0.93]
 [15.    0.93]
 [16.    0.94]
 [17.    0.91]
 [18.    0.91]
 [19.    0.93]]
Best individual:
[[ 0.21957942  1.00181872  2.06204099 -0.25327336  3.60937633 -1.20432736
   9.51192398  4.38455522  0.59712529  3.44286769 -2.35247297 -0.35042541
   1.17257698  2.47028956 -8.01636468 -4.55832305]
 [-1.03623099  6.65863923 -4.10743533 -1.43961756 -2.29516349 -0.17645542
   6.72355059  0.39743941 -6.27235241 -3.79690832  3.83262252 -5.32787231
   3.57073308 -2.10358293  0.34930211  0.85751803]
 [ 6.11261766  4.16068026 -5.41056919 -4.91239147  3.23852663 -4.79341282
  -4.93727524 -3.45913296 -2.63956786 -1.39437959 -5.56372114  0.70728806
  -0.17556755 -3.24600763 -2.86748428  7.11908734]
 [ 1.71695887 -4.21497588 -3.14330674  3.80687017 -4.63935535  0.66279036
  -5.45442487  5.39468431  5.87843255  3.84209775  3.44925487  0.63664466
   1.06317974 -2.87045438  4.54704127 -2.16355177]
 [-1.04350825  8.24860145  4.42724502 -4.00318536  0.55654775 -0.96613124
  -1.98421283  0.24888783 -2.43788769 13.88326924 -1.84341441  4.51856362
   2.33832919  1.65663421 -6.5064823  -2.76586916]
 [ 7.51725018 -2.55204733  2.31963659 -0.2478957   1.57255836  0.45199347
  -3.13153455 -3.98511112 -1.02842513  3.41662762 -0.02513542  0.0725873
   8.10044182 -3.34946666 -3.5263802  -3.20712595]]
Best sig: 0.12819530318686453
With fitness: 0.9
################################################################################
Experiment log.
Number players: 6
State dim: 4
Num games per match: 100
Nim dim: 5
mu: 5, lbd: 50, sig: 1
Adversary: <class 'players.RandomPlayer'>
Iterations: 20
History:
[[ 0.    0.65]
 [ 1.    0.74]
 [ 2.    0.66]
 [ 3.    0.66]
 [ 4.    0.63]
 [ 5.    0.63]
 [ 6.    0.64]
 [ 7.    0.75]
 [ 8.    0.66]
 [ 9.    0.64]
 [10.    0.61]
 [11.    0.67]
 [12.    0.68]
 [13.    0.63]
 [14.    0.65]
 [15.    0.62]
 [16.    0.66]
 [17.    0.62]
 [18.    0.64]
 [19.    0.68]]
Best individual:
[[ 1.16644306 -0.77664426 -0.61904145  2.83293671  0.62662643  0.54312933
  -1.53137852  0.49621393 -0.19060991 -0.28578504  0.14333556  1.7171673
  -1.14453936  1.15908111 -1.52660411 -0.67308748]
 [-2.10052677  1.0083385   0.91906656  1.39365219 -2.20214911 -1.4614005
   1.15921377  1.39825879 -0.04218724 -3.38560904  1.03773698  1.09449458
  -0.77052864 -1.90912143  0.55793511 -1.22380121]
 [-1.26104814  0.04969635 -1.64549539  0.28994004  0.33608729  1.47787009
   0.26401224  1.10652762  1.14748328 -1.0408856  -0.23643464  1.70657789
   0.73610536 -2.347433   -2.37405855 -0.93891014]
 [-0.06122508 -2.21200052 -2.34755541  0.31379239  0.17763253  0.72999101
   3.02321708  1.14889359  1.66249351 -0.55021239  0.26403815 -1.57321015
   1.26509028 -0.58613431 -0.05169175  0.99823221]
 [-0.39462506  0.951176   -0.05091723  2.46619812  0.20974989 -0.2558265
  -0.2604932  -0.57730982 -0.14806611  1.23671706 -1.62790509 -1.27817729
  -0.45949888 -2.05884844 -1.20760163  0.28892178]
 [ 1.76993336 -0.61942115 -0.53689388  0.25907427 -2.7380811  -1.286123
   0.8011634  -0.45447638 -0.45912468 -0.17979816 -1.03174896 -0.89671537
  -1.85252332  1.25995514  1.12814818 -0.56917014]]
Best sig: 1e-05
With fitness: 0.59
################################################################################
Experiment log.
Number players: 6
State dim: 4
Num games per match: 100
Nim dim: 5
mu: 5, lbd: 50, sig: 1
Adversary: <class 'players.RandomPlayer'>
Iterations: 200
History:
[[  0.     0.72]
 [  1.     0.66]
 [  2.     0.67]
 [  3.     0.63]
 [  4.     0.68]
 [  5.     0.71]
 [  6.     0.68]
 [  7.     0.74]
 [  8.     0.67]
 [  9.     0.75]
 [ 10.     0.74]
 [ 11.     0.8 ]
 [ 12.     0.81]
 [ 13.     0.83]
 [ 14.     0.87]
 [ 15.     0.87]
 [ 16.     0.84]
 [ 17.     0.83]
 [ 18.     0.84]
 [ 19.     0.84]
 [ 20.     0.86]
 [ 21.     0.85]
 [ 22.     0.84]
 [ 23.     0.84]
 [ 24.     0.83]
 [ 25.     0.85]
 [ 26.     0.85]
 [ 27.     0.8 ]
 [ 28.     0.87]
 [ 29.     0.82]
 [ 30.     0.84]
 [ 31.     0.82]
 [ 32.     0.83]
 [ 33.     0.83]
 [ 34.     0.87]
 [ 35.     0.85]
 [ 36.     0.81]
 [ 37.     0.82]
 [ 38.     0.81]
 [ 39.     0.86]
 [ 40.     0.84]
 [ 41.     0.84]
 [ 42.     0.86]
 [ 43.     0.82]
 [ 44.     0.86]
 [ 45.     0.83]
 [ 46.     0.88]
 [ 47.     0.84]
 [ 48.     0.87]
 [ 49.     0.84]
 [ 50.     0.84]
 [ 51.     0.83]
 [ 52.     0.84]
 [ 53.     0.82]
 [ 54.     0.84]
 [ 55.     0.82]
 [ 56.     0.85]
 [ 57.     0.83]
 [ 58.     0.81]
 [ 59.     0.83]
 [ 60.     0.88]
 [ 61.     0.84]
 [ 62.     0.84]
 [ 63.     0.83]
 [ 64.     0.84]
 [ 65.     0.85]
 [ 66.     0.81]
 [ 67.     0.8 ]
 [ 68.     0.81]
 [ 69.     0.85]
 [ 70.     0.85]
 [ 71.     0.86]
 [ 72.     0.86]
 [ 73.     0.82]
 [ 74.     0.82]
 [ 75.     0.85]
 [ 76.     0.89]
 [ 77.     0.85]
 [ 78.     0.81]
 [ 79.     0.84]
 [ 80.     0.82]
 [ 81.     0.82]
 [ 82.     0.86]
 [ 83.     0.83]
 [ 84.     0.84]
 [ 85.     0.85]
 [ 86.     0.84]
 [ 87.     0.82]
 [ 88.     0.82]
 [ 89.     0.83]
 [ 90.     0.8 ]
 [ 91.     0.84]
 [ 92.     0.85]
 [ 93.     0.83]
 [ 94.     0.81]
 [ 95.     0.85]
 [ 96.     0.84]
 [ 97.     0.81]
 [ 98.     0.84]
 [ 99.     0.83]
 [100.     0.82]
 [101.     0.84]
 [102.     0.84]
 [103.     0.85]
 [104.     0.84]
 [105.     0.84]
 [106.     0.86]
 [107.     0.82]
 [108.     0.86]
 [109.     0.83]
 [110.     0.82]
 [111.     0.86]
 [112.     0.81]
 [113.     0.83]
 [114.     0.83]
 [115.     0.86]
 [116.     0.85]
 [117.     0.84]
 [118.     0.82]
 [119.     0.87]
 [120.     0.85]
 [121.     0.85]
 [122.     0.85]
 [123.     0.86]
 [124.     0.82]
 [125.     0.85]
 [126.     0.83]
 [127.     0.84]
 [128.     0.86]
 [129.     0.87]
 [130.     0.83]
 [131.     0.84]
 [132.     0.85]
 [133.     0.84]
 [134.     0.87]
 [135.     0.85]
 [136.     0.86]
 [137.     0.85]
 [138.     0.83]
 [139.     0.83]
 [140.     0.85]
 [141.     0.85]
 [142.     0.84]
 [143.     0.84]
 [144.     0.85]
 [145.     0.82]
 [146.     0.82]
 [147.     0.84]
 [148.     0.81]
 [149.     0.86]
 [150.     0.86]
 [151.     0.83]
 [152.     0.85]
 [153.     0.82]
 [154.     0.84]
 [155.     0.82]
 [156.     0.81]
 [157.     0.85]
 [158.     0.82]
 [159.     0.86]
 [160.     0.85]
 [161.     0.88]
 [162.     0.84]
 [163.     0.84]
 [164.     0.84]
 [165.     0.88]
 [166.     0.84]
 [167.     0.86]
 [168.     0.87]
 [169.     0.84]
 [170.     0.84]
 [171.     0.85]
 [172.     0.84]
 [173.     0.85]
 [174.     0.82]
 [175.     0.82]
 [176.     0.86]
 [177.     0.82]
 [178.     0.85]
 [179.     0.84]
 [180.     0.85]
 [181.     0.85]
 [182.     0.85]
 [183.     0.83]
 [184.     0.86]
 [185.     0.86]
 [186.     0.83]
 [187.     0.84]
 [188.     0.87]
 [189.     0.88]
 [190.     0.88]
 [191.     0.88]
 [192.     0.85]
 [193.     0.89]
 [194.     0.85]
 [195.     0.85]
 [196.     0.82]
 [197.     0.88]
 [198.     0.86]
 [199.     0.82]]
Best individual:
[[  5.09604645   4.59047337  -7.92404352  21.81999615 -16.20595349
  -20.27582162   1.07519638  -7.04975029  -1.70907248   4.98718994
    2.28345918   5.30935473 -28.27729799   4.83051569  26.65829897
   -7.36920877]
 [ -3.16269258  -4.67020211 -24.73064625  39.19620827  10.95676444
    1.8177332  -17.58348826  14.37653663 -31.31659389  -5.29107461
    0.82583832  -3.8876134   12.06045366  29.76429598   0.84464331
   -6.95724185]
 [-21.78409098  -2.82086152  -4.80463207  -2.35834007  -5.62048399
  -22.19733488 -31.25926317   7.34232712 -22.01527209  11.6005303
   35.69590932  -8.45244835   5.15063269  18.72010049 -12.11947216
    8.97671659]
 [  7.32188137 -27.02327389   5.68948113  -7.47406826 -23.44664354
    1.51531014   7.5651044  -14.03996315  27.41026647  29.25336449
  -14.06476682   4.02721214 -16.90988152  15.95914423   8.10568082
    8.65244545]
 [ 34.31477288 -22.42983133  -3.96197955 -15.43468419   2.1197976
  -35.2037482   18.92985649  19.36091354   7.80930464  -7.95724693
   -0.28188481  34.63207357  13.97621525  10.65091853   4.72579746
  -14.54735182]
 [-14.0938773   -7.45470511 -14.95918963  34.21337313   4.06770938
   23.3831436    7.05871945   7.09665913  17.30524376   1.43728002
   15.34802427 -18.59430799  -2.12780263  -3.51613108  -2.25033733
   30.14255911]]
Best sig: 1.9923848590494952
With fitness: 0.88
################################################################################
Experiment log.
Number players: 6
State dim: 4
Num games per match: 100
Nim dim: 5
mu: 20, lbd: 50, sig: 1
Adversary: <class 'players.RandomPlayer'>
Iterations: 40
History:
[[ 0.    0.73]
 [ 1.    0.54]
 [ 2.    0.58]
 [ 3.    0.56]
 [ 4.    0.59]
 [ 5.    0.65]
 [ 6.    0.65]
 [ 7.    0.61]
 [ 8.    0.6 ]
 [ 9.    0.67]
 [10.    0.65]
 [11.    0.57]
 [12.    0.56]
 [13.    0.56]
 [14.    0.59]
 [15.    0.66]
 [16.    0.58]
 [17.    0.6 ]
 [18.    0.58]
 [19.    0.62]
 [20.    0.58]
 [21.    0.66]
 [22.    0.65]
 [23.    0.7 ]
 [24.    0.68]
 [25.    0.69]
 [26.    0.64]
 [27.    0.68]
 [28.    0.71]
 [29.    0.64]
 [30.    0.69]
 [31.    0.68]
 [32.    0.65]
 [33.    0.6 ]
 [34.    0.6 ]
 [35.    0.65]
 [36.    0.64]
 [37.    0.67]
 [38.    0.63]
 [39.    0.69]]
Best individual:
[[ 0.18576342  0.22259988 -3.55395451 -0.66490452 -2.93943941 -1.50050134
   0.61708341 -1.81202124 -2.00935492  0.27528516 -4.69616045 -2.22856075
  -1.49327459 -1.4649523  -1.21829202 -0.85082941]
 [-1.15224635 -1.16833592  0.40212722  2.60690073  5.54813988  1.88847668
   3.1979802   3.29638378 -0.7246972  -2.0853743  -0.13162694 -4.90878344
   2.63976128 -0.23803807 -0.31134949  1.04497934]
 [ 2.78996643  0.44942344 -1.44733084 -0.9418902  -3.2635266   1.25110239
   2.51473367 -2.80365347  4.59841065  0.85507148  3.45553267  0.63701798
   2.60878894  0.04816758 -0.53008411  0.93523207]
 [-3.50434862 -1.03508114  2.16816505 -0.21028156 -2.23667833 -0.16360826
  -0.76948818 -2.60711776 -0.78049651 -0.8030772  -8.48514034 -0.79601977
  -0.24787902 -2.40816403  2.19833262 -3.68647658]
 [ 3.44844841  0.07464698  1.58429173 -1.19396587  0.63889274 -0.2828101
  -0.0418428  -1.15531101 -2.35285543 -0.68349065  2.96133527  4.12490098
  -1.51013163 -2.81868328  1.66493653 -4.77693423]
 [-1.06316873  0.05354836 -0.51614707  1.320338    0.40275178 -0.76508877
  -0.79952168  2.68908749 -4.11709994 -0.5594936  -3.04267664 -1.61134789
  -0.87110099  1.68473635 -3.01569741  1.99679252]]
Best sig: 1.0752621340618012
With fitness: 0.66
################################################################################
Experiment log.
Number players: 6
State dim: 4
Num games per match: 100
Nim dim: 5
mu: 5, lbd: 50, sig: 1
Adversary: <class 'players.RandomlyOptimal'>(0.1)
Iterations: 30
History:
[[ 0.    0.15]
 [ 1.    0.15]
 [ 2.    0.16]
 [ 3.    0.15]
 [ 4.    0.13]
 [ 5.    0.14]
 [ 6.    0.14]
 [ 7.    0.19]
 [ 8.    0.13]
 [ 9.    0.12]
 [10.    0.15]
 [11.    0.17]
 [12.    0.17]
 [13.    0.18]
 [14.    0.16]
 [15.    0.15]
 [16.    0.15]
 [17.    0.15]
 [18.    0.15]
 [19.    0.15]
 [20.    0.13]
 [21.    0.18]
 [22.    0.17]
 [23.    0.15]
 [24.    0.17]
 [25.    0.17]
 [26.    0.16]
 [27.    0.15]
 [28.    0.16]
 [29.    0.14]]
Best individual:
[[-4.58671317e-01  4.98768986e-01 -2.60223385e+00 -1.95355365e+00
   2.11719234e+00 -2.11649310e+00 -1.70821729e+00 -5.71698344e-01
  -1.25827650e+00  1.70955443e+00 -2.08931272e+00  1.47821695e+00
   9.71352303e-01  5.32564157e-01 -7.65253149e-01 -2.66402752e-01]
 [ 3.64785013e+00 -2.54946921e+00  4.09763232e+00 -2.30087215e+00
  -1.88740475e+00 -2.38078606e+00 -9.53932565e-01  3.24308358e-01
  -1.34092106e+00 -9.77396266e-01 -5.26368781e-01 -3.38843759e+00
  -8.26491845e-01 -2.43762278e+00  3.84722479e+00 -3.07178712e-01]
 [ 1.46598500e+00  1.84498384e+00  5.24349456e-01 -8.79349734e-01
   2.56368417e+00  2.63738864e+00 -2.09460465e+00  1.01401092e-01
   2.36776514e+00 -1.46538580e+00  3.68356899e+00 -4.28287448e-01
   2.21341596e+00  1.04176977e+00  1.27052931e+00 -6.35364551e-01]
 [ 5.17035189e+00 -1.19769062e-01 -3.96982102e+00  6.80050131e-01
   5.12186020e-03  3.81581244e+00 -2.84995507e+00  1.08988856e+00
   1.00387661e+00  1.15828751e+00 -5.70094750e-01 -1.14636084e+00
  -1.13087207e+00 -2.57590583e+00 -1.03591962e+00 -2.10510223e+00]
 [-9.28431812e-01 -5.65794160e-01  1.19758786e+00 -2.03930490e+00
  -3.01633227e+00  7.91059472e-02 -1.52423894e+00  2.11625042e+00
   1.29721861e+00  1.20053106e+00 -4.94785719e-01 -3.04285791e+00
  -9.81421514e-01 -3.03062311e+00  1.41463204e+00 -1.98202067e+00]
 [ 3.70848007e+00 -1.82507245e+00  3.84293643e+00  2.25660397e+00
   2.54560677e-01  1.22051946e+00  1.53870077e+00 -3.73579873e+00
  -2.50882932e-01  1.41639197e+00 -1.52078373e+00 -1.31779077e+00
  -2.62042780e+00  2.63924839e-03  6.48638071e-01  8.71817765e-01]]
Best sig: 0.528499166015522
With fitness: 0.09
################################################################################
Experiment log.
Number players: 6
State dim: 4
Num games per match: 100
Nim dim: 5
mu: 5, lbd: 50, sig: 1
Adversary: <class 'players.RandomlyOptimal'>(0.3)
Iterations: 30
History:
[[ 0.    0.25]
 [ 1.    0.2 ]
 [ 2.    0.25]
 [ 3.    0.21]
 [ 4.    0.22]
 [ 5.    0.2 ]
 [ 6.    0.21]
 [ 7.    0.32]
 [ 8.    0.35]
 [ 9.    0.44]
 [10.    0.41]
 [11.    0.41]
 [12.    0.43]
 [13.    0.44]
 [14.    0.44]
 [15.    0.42]
 [16.    0.43]
 [17.    0.44]
 [18.    0.44]
 [19.    0.47]
 [20.    0.45]
 [21.    0.47]
 [22.    0.47]
 [23.    0.45]
 [24.    0.46]
 [25.    0.43]
 [26.    0.4 ]
 [27.    0.42]
 [28.    0.46]
 [29.    0.43]]
Best individual:
[[ 10.03379044   6.53618996   4.01113725  -0.80789865   3.24113234
   12.20040276  -2.0846744   -7.30959716  -7.33340958  11.27609256
   -1.3825723    0.46894426   2.08120368  11.40545225  -5.63080553
   -6.29891872]
 [ 15.08549749 -10.15361204  -9.26215679  -8.14488269  -2.98678564
  -10.5805669   -2.93167151  -0.48917178 -11.26115792   5.15375994
    7.6987629   -4.30016991   1.61633092   3.91864882   7.34677952
   -2.81903191]
 [  0.33941048   2.58964304  -6.5790712    3.13127628   5.0511295
    1.90316435  13.93786627   2.04530429  -0.07257616  -6.2123316
    2.15952661   4.6439032    4.02942064   1.69559559   5.77690861
    1.76309833]
 [  0.94993101  -6.2173612   -1.1952645   -5.6242994    8.21599038
   -3.3221562   -8.34118008   3.19587629   1.86698475   6.0359008
   -7.24114964   7.22833512  -8.8101525    0.24560949  -5.09618401
    2.69855741]
 [ -5.17761636  11.28006949   2.09320133   1.64515885 -11.47680445
   -1.21431721  12.96675787 -11.76775189  -2.0868173    5.25783518
   -3.89757757  10.82455176  -2.75688795  -3.89750738   4.34735589
    3.26357265]
 [  6.66903596  -5.15527264   5.13458068  -1.95606912  -1.17918531
    3.34630803  -0.12115129  -2.50659846   0.65642545   1.4706094
    7.95291576  -4.89078148  -8.44625535   6.08934122   5.29762093
   -2.55309213]]
Best sig: 0.8761520958398058
With fitness: 0.43
################################################################################
Experiment log.
Number players: 6
State dim: 4
Num games per match: 100
Nim dim: 5
mu: 5, lbd: 50, sig: 1
Adversary: <class 'players.RandomPlayer'>
Iterations: 30
History:
[[ 0.    0.63]
 [ 1.    0.68]
 [ 2.    0.66]
 [ 3.    0.73]
 [ 4.    0.74]
 [ 5.    0.73]
 [ 6.    0.73]
 [ 7.    0.75]
 [ 8.    0.81]
 [ 9.    0.81]
 [10.    0.87]
 [11.    0.82]
 [12.    0.9 ]
 [13.    0.88]
 [14.    0.84]
 [15.    0.89]
 [16.    0.86]
 [17.    0.89]
 [18.    0.85]
 [19.    0.88]
 [20.    0.86]
 [21.    0.91]
 [22.    0.88]
 [23.    0.89]
 [24.    0.9 ]
 [25.    0.88]
 [26.    0.89]
 [27.    0.94]
 [28.    0.9 ]
 [29.    0.93]]
Best individual:
[[ -7.91824644  -0.67692009  -2.67131176   4.30740398  -5.39676964
   -8.65826597   0.69992962   2.00377931   8.3173127   -0.13192808
   -1.93071893   3.38271763   3.44625112  -0.5254718    2.16320118
    1.71136566]
 [  2.60397163  -2.05952435   1.72724494  -2.80546722  -1.81737036
    3.5530793    1.57213013  -8.04063094   4.87132928   3.93445064
    0.63848356   1.07859849   4.76832234   0.98018747   4.42700499
   -1.31862684]
 [ -0.97917332  -5.98954629  -3.93500429   5.12749116  -3.63067074
    3.92348921   0.83387088   1.18350019  -2.29962156  -0.56695606
    2.55875681  -2.7080013    6.08563607   5.05375042  -4.43463449
    1.96530826]
 [ -2.28697697  -5.35606778  -1.79165529  -0.99906597   5.16612683
   -2.10835654  -5.23252483  -1.14530373  -4.88828603   2.16881872
    6.88658032   0.08426823   0.60710758   3.54032977   3.86641701
   -1.7421619 ]
 [  2.02247965   6.1962226   -6.3349554    1.53710708  -8.71339539
    2.70942112   2.34584292   2.39726995   2.96135242  -9.94580318
   -5.65187219   3.75454628  -2.57339366   3.16504922  11.79051599
    6.26362255]
 [  1.4203943   -0.70198467  -0.28904596   0.76725592   4.63253399
    3.06302139  -1.99629132  -0.12971154  -1.26800461  -2.64033321
  -11.4908994   -1.08227855  -1.13332903  -0.65286264  -1.55169122
  -12.7950049 ]]
Best sig: 0.37359006845544107
With fitness: 0.9
